0271000a
0000000a
0000000a
0000000a
fd8f000a
02710001
02710000
00000000
00000000
00000001
04e20001
04e20001
00000000
00000000
fb1dffff
00000000
00000000
00000000
00000000
00000000
00000000
00000000
00000000
00000000
00000000
00000000
00000000
00000000
00000000
00000000
00000000
0271000a
0000000a
0000000a
0000000a
fd8f000a
02710001
02710000
00000000
00000000
00000000
00000001
04e20001
04e20001
00000000
00000000
fb1dffff
00000000
00000000
00000000
00000000
00000000
00000000
00000000
00000000
00000000
00000000
00000000
00000000
00000000
00000000
00000000
00000000
004000d0
